0 0.257812 0.228516 0.039062 0.039062
0 0.228516 0.376953 0.039062 0.039062
0 0.246094 0.529297 0.039062 0.058594
0 0.988281 0.264648 0.023438 0.037109
0 0.985352 0.417969 0.029297 0.042969
0 0.954102 0.558594 0.037109 0.042969
0 0.327148 0.906250 0.158203 0.187500
1 0.118164 0.912109 0.232422 0.164062
1 0.706055 0.782227 0.587891 0.392578
1 0.604492 0.541016 0.654297 0.078125
1 0.114258 0.517578 0.224609 0.070312
1 0.104492 0.371094 0.193359 0.062500
1 0.118164 0.221680 0.232422 0.048828
1 0.626953 0.251953 0.671875 0.480469
